uuid.csv

id,busId,slaveid,dataType,register,mf,mode,virtualDeviceId,fxCode,regType,change%,rw,valueRegister,wAdd,tagName,Alarm,High,Low
1,1,0,13,121,1.000000,0,5,0,15,1,0,1,0,MN-1-0---ASN_21,0,0.00,0
2,2,0,13,122,1.000000,0,5,0,15,1,0,3,0,MN-1-0---MTDET,0,0.00,0
3,3,0,2,123,1.000000,0,5,0,15,1,0,5,0,MN-1-0---MTBLDATE,0,0.00,0
4,4,0,2,124,1.000000,0,5,0,15,1,0,7,0,MN-1-0---DATE,0,0.00,0
5,5,0,2,125,1.000000,0,5,0,15,1,0,9,0,MN-1-0---TIME,0,0.00,0
6,6,0,2,126,0.010000,0,5,0,15,1,0,11,0,MN-1-0---I,0,0.00,0
7,9,0,2,127,0.010000,0,5,0,15,1,0,13,0,MN-1-0---VN,0,0.00,0
8,15,0,2,128,0.010000,0,5,0,15,1,0,15,0,MN-1-0---PF,0,0.00,0
9,19,0,2,129,0.010000,0,5,0,15,1,0,17,0,MN-1-0---FRQ,0,0.00,0
10,23,0,2,130,0.010000,0,5,0,15,1,0,19,0,MN-1-0---POW,0,0.00,0
11,24,0,2,131,0.010000,0,5,0,15,1,0,21,0,MN-1-0---RPOW,0,0.00,0
12,28,0,2,132,0.010000,0,5,0,15,1,0,23,0,MN-1-0---APOW,0,0.00,0
13,32,0,2,133,0.010000,0,5,0,15,1,0,25,0,MN-1-0---KWHNET,0,0.00,0
14,33,0,2,134,0.010000,0,5,0,15,1,0,27,0,MN-1-0---KWHEXP,0,0.00,0
15,34,0,2,135,0.010000,0,5,0,15,1,0,29,0,MN-1-0---KWHIMP,0,0.00,0
16,35,0,2,136,0.010000,0,5,0,15,1,0,31,0,MN-1-0---KVAHNET,0,0.00,0
17,36,0,2,137,0.010000,0,5,0,15,1,0,33,0,MN-1-0---KVAHIMP,0,0.00,0
18,37,0,2,138,0.010000,0,5,0,15,1,0,35,0,MN-1-0---KVAHEXP,0,0.00,0
19,38,0,2,139,0.010000,0,5,0,15,1,0,37,0,MN-1-0---MDKWIMP,0,0.00,0
20,39,0,2,140,0.010000,0,5,0,15,1,0,39,0,MN-1-0---MDKWEXP,0,0.00,0
21,40,0,2,141,1.000000,0,5,0,15,1,0,41,0,MN-1-0---POFF,0,0.00,0
22,41,0,2,142,1.000000,0,5,0,15,1,0,43,0,MN-1-0---TC,0,0.00,0
23,52,0,1,143,0.010000,0,5,0,15,1,0,1,0,IG-1-0---FREQ,0,0.00,0
24,53,0,1,144,0.001000,0,5,0,15,1,0,3,0,IG-1-0---PF,0,0.00,0
25,54,0,1,145,0.100000,0,5,0,15,1,0,5,0,IG-1-0---DCV1,0,0.00,0
26,55,0,1,146,0.100000,0,5,0,15,1,0,7,0,IG-1-0---DCI1,0,0.00,0
27,56,0,3,147,0.000100,0,5,0,15,1,0,9,0,IG-1-0---DCKW1,0,0.00,0
28,57,0,1,148,0.100000,0,5,0,15,1,0,11,0,IG-1-0---VN,0,0.00,0
29,58,0,2,149,1.000000,0,5,0,15,1,0,13,0,IG-1-0---I,0,0.00,0
30,59,0,1,150,0.010000,0,5,0,15,1,0,15,0,IG-1-0---POW,0,0.00,0
31,60,0,1,151,0.001000,0,5,0,15,1,0,17,0,IG-1-0---TON,0,0.00,0
32,61,0,3,152,0.100000,0,5,0,15,1,0,19,0,IG-1-0---LON,0,0.00,0
33,62,0,1,153,0.100000,0,5,0,15,1,0,21,0,IG-1-0---TEMP,0,0.00,0
34,63,0,1,154,1.000000,0,5,0,15,1,0,23,0,IG-1-0---FT1,0,0.90,-1
35,64,0,3,155,0.100000,0,5,0,15,1,0,25,0,IG-1-0---APOW,0,0.00,0
36,65,0,1,156,1.000000,0,5,0,15,1,0,27,0,IG-1-0---RPOW,0,0.00,0
37,66,0,3,157,0.010000,0,5,0,15,1,0,29,0,IG-1-0---TKWH,0,0.00,0
38,67,0,3,158,0.001000,0,5,0,15,1,0,31,0,IG-1-0---LKWH,0,0.00,0
39,68,0,11,159,1.000000,0,5,0,15,1,0,33,0,IG-1-0---FT2,0,1.00,2
40,69,0,123,160,1.000000,0,5,0,15,1,0,35,0,IG-1-0---FT3,0,0.90,-1
41,70,0,125,161,1.000000,0,5,0,15,1,0,37,0,IG-1-0---FT4,0,0.00,0
42,71,0,126,162,1.000000,0,5,0,15,1,0,39,0,IG-1-0---FT5,0,0.00,0
43,72,0,1,163,1.000000,0,5,0,15,1,0,41,0,IG-1-0---VSP,0,0.00,0
44,73,0,1,164,0.010000,0,5,0,15,1,0,43,0,IG-1-0---POWSP,0,0.00,0
45,74,0,1,165,0.000000,0,5,0,15,1,0,45,0,IG-1-0---RPOWSP,0,0.00,0
46,75,0,1,166,0.100000,0,5,0,15,1,0,47,0,IG-1-0---PFSP,0,0.00,0
47,76,0,1,167,0.100000,0,5,0,15,1,0,49,0,IG-1-0---INVCMD,0,0.00,0
48,77,0,1,168,0.000000,0,5,0,15,1,0,51,0,IG-1-0---POWSPPER,0,0.00,0
49,78,0,1,169,0.000000,0,5,0,15,1,0,53,0,IG-1-0---IST,0,0.90,-1
50,79,0,1,170,0.000000,0,5,0,15,1,0,55,0,IG-1-0---ASN_31,0,0.00,0

dev.csv
id,busId,slaveId,active,ip,port,protocol
1,2,1,1,0.0.0.0,502,1

req.csv
id,busId,slaveId,startAddress,length,requestType,deviceId
1,2,1,121,1,3,1
2,2,1,122,1,3,1
3,2,1,123,1,3,1
4,2,1,124,1,3,1
5,2,1,125,1,3,1
6,2,1,126,1,3,1
7,2,1,127,1,3,1
8,2,1,128,1,3,1
9,2,1,129,1,3,1
10,2,1,130,1,3,1
11,2,1,131,1,3,1
12,2,1,132,1,3,1
13,2,1,133,1,3,1
14,2,1,134,1,3,1
15,2,1,135,1,3,1
16,2,1,136,1,3,1
17,2,1,137,1,3,1
18,2,1,138,1,3,1
19,2,1,139,1,3,1
20,2,1,140,1,3,1
21,2,1,141,1,3,1
22,2,1,142,1,3,1
23,2,1,143,1,3,1
24,2,1,144,1,3,1
25,2,1,145,1,3,1
26,2,1,146,1,3,1
27,2,1,147,2,3,1
28,2,1,148,1,3,1
29,2,1,149,1,3,1
30,2,1,150,1,3,1
31,2,1,151,1,3,1
32,2,1,152,2,3,1
33,2,1,153,1,3,1
34,2,1,154,1,3,1
35,2,1,155,2,3,1
36,2,1,156,1,3,1
37,2,1,157,2,3,1
38,2,1,158,2,3,1
39,2,1,159,1,3,1
40,2,1,160,1,3,1
41,2,1,161,1,3,1
42,2,1,162,1,3,1
43,2,1,163,1,3,1
44,2,1,164,1,3,1
45,2,1,165,1,3,1
46,2,1,166,1,3,1
47,2,1,167,1,3,1
48,2,1,168,1,3,1
49,2,1,169,1,3,1
50,2,1,170,1,3,1

iconfig.csv
dbroker.hkapl.in
d:998877665544332$Ongridrooftop$5
998877665544332$Ongridrooftop$5
dff04f4a
airtelgprs.com


airtelgrps.com
998877665544332$Ongridrooftop$5
dff04f4a
iiot-1/Ongridrooftop/998877665544332/heartbeat/pub
iiot-1/Ongridrooftop/998877665544332/data/pub
iiot-1/Ongridrooftop/998877665544332/data/sub
iiot-1/Ongridrooftop/998877665544332/ondemand/pub
iiot-1/Ongridrooftop/998877665544332/ondemand/sub
iiot-1/Ongridrooftop/998877665544332/config/pub
iiot-1/Ongridrooftop/998877665544332/config/sub
iiot-1/Ongridrooftop/998877665544332/info/sub
iiot-1/Ongridrooftop/998877665544332/otp/pub
SS-LAN1
Admin@123
998877665544332
pool.ntp.org
1
1769669878
0
260129
-1
-1
0
1
0
0
-1
-1
1
1
-1
-1
0
60
60
28
-1
-1
-1
0
9
-1
10000
0
-1
15
-1
-1
-1